DGL -> with initial version
[(1.0, 1, 1),
 (1.0, 1, 1),
 (1.0, 1.0, 1.0),
 (0.996, 1.0, 0.9941262848751835),
 (0.833, 0.6619433198380567, 1.0),
 (1.0, 1.0, 1.0),
 (0.954, 1.0, 0.9157509157509157),
 (0.984, 1.0, 0.9654427645788337),
 (0.99, 0.9824561403508771, 1.0),
 (0.969, 0.947986577181208, 1.0),
 (0.977, 0.9627831715210357, 1.0),
 (0.912, 0.8719068413391557, 1.0),
 (0.979, 0.969521044992743, 1.0)]

v1 -> with dummy times/pulses
[(1.0, 1, 1),
 (1.0, 1, 1),
 (1.0, 1.0, 1.0),
 (1.0, 1.0, 1.0),
 (0.995, 0.9898785425101214, 1.0),
 (1.0, 1.0, 1.0),
 (1.0, 1.0, 1.0),
 (1.0, 1.0, 1.0),
 (0.951, 0.9438596491228071, 0.9604651162790697),
 (0.962, 0.9362416107382551, 1.0),
 (0.972, 0.9546925566343042, 1.0),
 (0.945, 0.9199417758369723, 1.0),
 (0.912, 0.872278664731495, 1.0)]

 v2 -> with optimized times/pulses
 [(1.0, 1, 1),
 (1.0, 1, 1),
 (1.0, 1.0, 1.0),
 (1.0, 1.0, 1.0),
 (0.995, 0.9898785425101214, 1.0),
 (1.0, 1.0, 1.0),
 (1.0, 1.0, 1.0),
 (1.0, 1.0, 1.0),
 (0.951, 0.9438596491228071, 0.9604651162790697),
 (0.962, 0.9362416107382551, 1.0),
 (0.972, 0.9546925566343042, 1.0),
 (0.945, 0.9199417758369723, 1.0),
 (0.912, 0.872278664731495, 1.0)]